50 experimentos con 2^10 nodos y 2^16 aristas arroja los tiempos:
0.015 | 0.031 | 0.031 | 0.031 | 0.016 | 0.016 | 0.031 | 0.016 | 0.031 | 0.015 | 0.032 | 0.032 | 0.016 | 0.031 | 0.016 | 0.031 | 0.031 | 0.032 | 0.031 | 0.016 | 0.031 | 0.031 | 0.032 | 0.015 | 0.016 | 0.031 | 0.016 | 0.016 | 0.016 | 0.015 | 0.016 | 0.016 | 0.031 | 0.016 | 0.031 | 0.031 | 0.016 | 0.016 | 0.016 | 0.031 | 0.031 | 0.031 | 0.031 | 0.031 | 0.016 | 0.032 | 0.016 | 0.016 | 0.015 | 0.016 |
50 experimentos con 2^10 nodos y 2^17 aristas arroja los tiempos:
0.016 | 0.015 | 0.032 | 0.016 | 0.031 | 0.016 | 0.016 | 0.031 | 0.016 | 0.015 | 0.031 | 0.016 | 0.031 | 0.031 | 0.015 | 0.016 | 0.016 | 0.031 | 0.016 | 0.032 | 0.031 | 0.015 | 0.015 | 0.016 | 0.016 | 0.016 | 0.016 | 0.016 | 0.016 | 0.016 | 0.015 | 0.031 | 0.031 | 0.015 | 0.031 | 0.016 | 0.016 | 0.016 | 0.015 | 0.031 | 0.016 | 0.031 | 0.015 | 0.016 | 0.032 | 0.016 | 0.016 | 0.015 | 0.031 | 0.016 |
50 experimentos con 2^10 nodos y 2^18 aristas arroja los tiempos:
0.031 | 0.015 | 0.031 | 0.031 | 0.031 | 0.031 | 0.016 | 0.031 | 0.016 | 0.015 | 0.032 | 0.031 | 0.031 | 0.032 | 0.031 | 0.031 | 0.031 | 0.015 | 0.031 | 0.031 | 0.031 | 0.031 | 0.031 | 0.031 | 0.031 | 0.031 | 0.031 | 0.032 | 0.031 | 0.016 | 0.031 | 0.031 | 0.047 | 0.032 | 0.031 | 0.031 | 0.032 | 0.032 | 0.031 | 0.015 | 0.016 | 0.031 | 0.016 | 0.031 | 0.016 | 0.031 | 0.032 | 0.031 | 0.016 | 0.031 |
50 experimentos con 2^12 nodos y 2^16 aristas arroja los tiempos:
0.283 | 0.266 | 0.281 | 0.391 | 0.297 | 0.313 | 0.266 | 0.282 | 0.266 | 0.282 | 0.266 | 0.267 | 0.265 | 0.281 | 0.281 | 0.281 | 0.281 | 0.297 | 0.266 | 0.281 | 0.282 | 0.281 | 0.265 | 0.297 | 0.265 | 0.281 | 0.281 | 0.281 | 0.282 | 0.281 | 0.266 | 0.266 | 0.266 | 0.25 | 0.313 | 0.234 | 0.25 | 0.267 | 0.265 | 0.235 | 0.297 | 0.234 | 0.265 | 0.234 | 0.219 | 0.266 | 0.203 | 0.203 | 0.266 | 0.219 |
50 experimentos con 2^12 nodos y 2^17 aristas arroja los tiempos:
0.266 | 0.219 | 0.219 | 0.266 | 0.234 | 0.219 | 0.265 | 0.25 | 0.266 | 0.22 | 0.219 | 0.281 | 0.219 | 0.219 | 0.265 | 0.25 | 0.313 | 0.203 | 0.203 | 0.267 | 0.219 | 0.203 | 0.281 | 0.234 | 0.25 | 0.203 | 0.203 | 0.266 | 0.203 | 0.204 | 0.297 | 0.234 | 0.265 | 0.219 | 0.203 | 0.266 | 0.219 | 0.203 | 0.297 | 0.25 | 0.281 | 0.219 | 0.188 | 0.266 | 0.203 | 0.187 | 0.265 | 0.218 | 0.281 | 0.23 |
50 experimentos con 2^12 nodos y 2^18 aristas arroja los tiempos:
0.203 | 0.266 | 0.218 | 0.203 | 0.282 | 0.219 | 0.281 | 0.203 | 0.203 | 0.281 | 0.219 | 0.234 | 0.266 | 0.219 | 0.265 | 0.218 | 0.219 | 0.282 | 0.203 | 0.219 | 0.281 | 0.234 | 0.281 | 0.219 | 0.203 | 0.282 | 0.203 | 0.203 | 0.282 | 0.219 | 0.281 | 0.219 | 0.219 | 0.266 | 0.203 | 0.203 | 0.282 | 0.234 | 0.281 | 0.205 | 0.203 | 0.375 | 0.235 | 0.218 | 0.282 | 0.235 | 0.313 | 0.203 | 0.219 | 0.281 |
50 experimentos con 2^12 nodos y 2^19 aristas arroja los tiempos:
0.234 | 0.219 | 0.296 | 0.25 | 0.297 | 0.25 | 0.218 | 0.297 | 0.219 | 0.25 | 0.312 | 0.25 | 0.297 | 0.218 | 0.235 | 0.328 | 0.235 | 0.251 | 0.242 | 0.25 | 0.297 | 0.235 | 0.266 | 0.312 | 0.234 | 0.234 | 0.234 | 0.25 | 0.297 | 0.266 | 0.234 | 0.297 | 0.235 | 0.312 | 0.234 | 0.282 | 0.375 | 0.281 | 0.234 | 0.485 | 0.25 | 0.313 | 0.235 | 0.25 | 0.297 | 0.25 | 0.235 | 0.297 | 0.25 | 0.297 |
50 experimentos con 2^12 nodos y 2^20 aristas arroja los tiempos:
0.281 | 0.281 | 0.344 | 0.266 | 0.281 | 0.328 | 0.267 | 0.328 | 0.265 | 0.281 | 0.328 | 0.266 | 0.281 | 0.328 | 0.281 | 0.344 | 0.297 | 0.281 | 0.328 | 0.281 | 0.266 | 0.328 | 0.282 | 0.344 | 0.266 | 0.281 | 0.344 | 0.266 | 0.265 | 0.328 | 0.282 | 0.344 | 0.266 | 0.281 | 0.344 | 0.281 | 0.266 | 0.328 | 0.265 | 0.344 | 0.297 | 0.297 | 0.344 | 0.265 | 0.282 | 0.343 | 0.281 | 0.344 | 0.281 | 0.297 |
50 experimentos con 2^12 nodos y 2^21 aristas arroja los tiempos:
0.422 | 0.344 | 0.344 | 0.407 | 0.344 | 0.407 | 0.344 | 0.345 | 0.422 | 0.329 | 0.328 | 0.407 | 0.375 | 0.39 | 0.344 | 0.36 | 0.406 | 0.343 | 0.344 | 0.422 | 0.344 | 0.406 | 0.329 | 0.343 | 0.406 | 0.344 | 0.344 | 0.391 | 0.344 | 0.407 | 0.343 | 0.36 | 0.406 | 0.344 | 0.344 | 0.406 | 0.344 | 0.391 | 0.36 | 0.345 | 0.407 | 0.343 | 0.344 | 0.406 | 0.344 | 0.406 | 0.344 | 0.406 | 0.391 | 0.33 |
50 experimentos con 2^12 nodos y 2^22 aristas arroja los tiempos:
0.437 | 0.5 | 0.453 | 0.516 | 0.438 | 0.453 | 0.516 | 0.438 | 0.454 | 0.5 | 0.453 | 0.5 | 0.438 | 0.438 | 0.5 | 0.437 | 0.438 | 0.485 | 0.437 | 0.5 | 0.422 | 0.437 | 0.501 | 0.438 | 0.437 | 0.5 | 0.453 | 0.516 | 0.438 | 0.453 | 0.516 | 0.453 | 0.437 | 0.501 | 0.439 | 0.5 | 0.438 | 0.437 | 0.328 | 0.297 | 0.297 | 0.312 | 0.297 | 0.328 | 0.281 | 0.297 | 0.344 | 0.297 | 0.297 | 0.344 |
50 experimentos con 2^14 nodos y 2^16 aristas arroja los tiempos:
3.406 | 3.75 | 4.954 | 7.991 | 5.485 | 5.641 | 5.641 | 5.485 | 6.673 | 6.563 | 7.376 | 7.532 | 7.656 | 7.953 | 7.969 | 8.735 | 9.766 | 10.204 | 10.626 | 11.798 | 12.469 | 13.642 | 13.611 | 14.063 | 14.095 | 14.486 | 13.954 | 14.876 | 14.767 | 15.079 | 15.095 | 15.36 | 15.188 | 15.47 | 15.266 | 15.642 | 15.516 | 15.704 | 15.282 | 15.829 | 15.782 | 15.923 | 15.86 | 15.97 | 15.892 | 15.955 | 16.001 | 17.141 | 16.08 | 16.157 |
50 experimentos con 2^14 nodos y 2^17 aristas arroja los tiempos:
16.063 | 16.125 | 16.001 | 15.672 | 16.172 | 16.251 | 16.126 | 16.329 | 16.314 | 16.329 | 16.266 | 16.266 | 16.329 | 16.345 | 16.236 | 16.298 | 16.359 | 16.423 | 16.47 | 16.44 | 16.829 | 16.579 | 16.642 | 16.236 | 16.313 | 16.314 | 16.314 | 16.533 | 16.533 | 16.407 | 16.626 | 16.642 | 16.501 | 16.533 | 16.423 | 16.564 | 16.501 | 16.61 | 16.564 | 16.688 | 16.829 | 16.751 | 17.423 | 16.736 | 16.876 | 16.937 | 16.751 | 16.751 | 16.845 | 16.814 |
50 experimentos con 2^14 nodos y 2^18 aristas arroja los tiempos:
17.849 | 34.229 | 33.665 | 34.091 | 18.779 | 17.064 | 17.063 | 17.204 | 17.189 | 17.533 | 17.189 | 17.283 | 17.126 | 17.236 | 17.048 | 17.095 | 17.173 | 17.158 | 17.127 | 17.111 | 17.126 | 17.33 | 17.282 | 17.283 | 17.813 | 17.533 | 17.829 | 17.626 | 17.86 | 18.002 | 17.845 | 17.814 | 17.893 | 17.688 | 17.861 | 17.752 | 17.968 | 19.439 | 17.861 | 17.954 | 18.126 | 18.033 | 18.329 | 18.392 | 18.251 | 18.236 | 18.47 | 18.892 | 18.798 | 18.626 |
50 experimentos con 2^14 nodos y 2^19 aristas arroja los tiempos:
18.783 | 18.798 | 18.97 | 18.877 | 19.064 | 18.814 | 19.033 | 18.876 | 18.97 | 19.064 | 19.189 | 18.892 | 19.049 | 19.361 | 19.158 | 19.064 | 19.798 | 19.142 | 19.471 | 19.314 | 19.704 | 19.22 | 19.392 | 19.237 | 19.564 | 19.392 | 19.767 | 19.595 | 20.377 | 19.548 | 19.752 | 19.58 | 19.939 | 19.627 | 19.938 | 19.783 | 19.939 | 19.783 | 20.095 | 19.908 | 20.111 | 20.142 | 20.205 | 19.985 | 20.408 | 20.814 | 20.267 | 20.189 | 20.689 | 20.314 |
50 experimentos con 2^14 nodos y 2^20 aristas arroja los tiempos:
20.596 | 20.47 | 21.564 | 20.72 | 21.611 | 20.985 | 22.641 | 43.213 | 21.377 | 21.095 | 21.986 | 21.128 | 21.502 | 21.189 | 21.408 | 21.252 | 21.673 | 22.048 | 21.501 | 21.424 | 21.735 | 21.392 | 21.596 | 21.829 | 21.767 | 21.47 | 21.705 | 21.689 | 21.892 | 21.658 | 21.876 | 21.876 | 22.048 | 21.705 | 21.97 | 21.954 | 22.173 | 21.829 | 22.22 | 23.08 | 22.22 | 21.971 | 22.189 | 22.017 | 22.282 | 22.08 | 22.299 | 22.127 | 22.47 | 22.142 |
50 experimentos con 2^14 nodos y 2^21 aristas arroja los tiempos:
22.439 | 22.283 | 22.564 | 22.205 | 22.47 | 22.236 | 22.595 | 22.236 | 22.533 | 22.377 | 22.564 | 22.469 | 23.018 | 22.298 | 22.642 | 22.329 | 22.642 | 24.423 | 22.721 | 23.033 | 23.111 | 22.658 | 22.843 | 22.574 | 23.033 | 22.627 | 22.736 | 25.831 | 25.698 | 38.614 | 37.2 | 24.157 | 22.704 | 22.33 | 28.087 | 27.08 | 23.454 | 23.595 | 22.939 | 22.361 | 22.642 | 22.595 | 22.799 | 22.579 | 22.751 | 22.564 | 22.83 | 22.673 | 22.72 | 22.564 |
50 experimentos con 2^14 nodos y 2^22 aristas arroja los tiempos:
22.892 | 22.736 | 22.986 | 22.767 | 23.064 | 22.908 | 23.219 | 22.861 | 23.142 | 22.893 | 23.111 | 23.689 | 23.158 | 23.158 | 23.174 | 22.798 | 23.189 | 23.002 | 23.252 | 23.018 | 23.22 | 23.001 | 23.235 | 23.017 | 23.283 | 23.017 | 23.33 | 23.064 | 23.252 | 24.236 | 23.314 | 23.127 | 23.345 | 23.001 | 23.158 | 23.209 | 23.393 | 23.158 | 23.252 | 23.267 | 23.376 | 23.048 | 23.595 | 25.362 | 26.644 | 23.268 | 23.329 | 23.205 | 23.314 | 23.143 |